  9   4   4   5   7   6   4   5   9   7   6   6   7   5   5   5   1   8   8   6   9   8   3   8
113 104 123 110 102  95  87 105 122  98 122 110 104  94  85 111 109 116 108 114  95 107  81 110
 31  18  17  24  20  28  26  24  35  15  15  31  29  25  18  24  27  28  17  27  24  21  29  30
 30  32  32  37  36  32  33  26  34  35  28  37  36  37  28  36  40  28  33  36  33  34  28  26
 19  36  50  43  30  33  42  37  34  45  41  40  38  32  43  38  31  29  43  34  41  35  47  49
 38  44  42  37  44  40  45  42  34  38  38  40  42  42  34  45  37  47  42  48  43  37  53  38
 38  39  42  47  37  32  48  39  34  48  39  46  49  27  42  39  40  42  50  37  30  36  47  44
 41  28  39  34  36  41  39  46  35  42  35  36  32  49  42  46  34  39  33  30  49  32  37  36
 30  35  30  33  36  39  37  38  31  35  24  39  22  44  41  26  42  32  32  23  34  38  36  40
 25  33  28  25  20  20  23  21  27  21  33  21  19  26  18  17  32  26  24  30  30  15  29  28
110 105 109 102 113 100 104 107 106  99 115 109  94 113 112  96 112 106 108 107 110  98 102 100
  7   8   4   3   4   6   4   5   4   7   4   6   7   5   3   5   6   1  12   3  12   6   4   4
